385046
765056
175136
376247
480141
955465
173536
112112
153429
784565
559053
128127
943862
109830
104416
206929
114621
145834
180836
114116
766563
149539
325129
178243
540436
148840
771354
245333
336841
929464
894774
523032
176542
130417
257542
782561
123521
134021
412528
727553
598568
174841
168947
122418
186040
413934
810439
871762
129129
393550
715041
635245
578158
386250
844961
304020
627852
645551
180735
155231
735148
108323
524135
815247
922854
105620
685058
135225
362034
567759
832651
521331
140319
137229
469961
112819
209329
694362
182739
173637
299154
825048
310621
285446
159340
910241
558960
763557
293748
194847
137532
867468
164030
518746
176744
804646
368551
614439
132017
175742
163331
156233
179346
137027
136631
519950
120111
118124
167440
300618
171330
146937
330324
573451
673455
116726
172635
180432
702133
751348
578057
188347
102311
144125
239944
454140
123824
175035
297655
570243
136126
615744
767464
459453
580044
286650
198451
187143
530635
118023
147636
100408
206828
119025
891667
204016
818859
654350
587664
108222
572045
616645
683256
168139
698168
761957
144428
628248
361941
106016
179548
604537
144731
589567
165638
137936
175237
203923
381038
385450
107018
751550
884064
136833
134627
126426
122620
907656
316633
135629
118730
137431
812746
106824
346137
869472
927359
316835
283543
421226
161731
113821
732243
339847
198350
123925
856766
111514
214019
930449
499566
978578
115724
142828
314225
255639
826353
896778
647858
154936
448347
178849
919966
361234
517239
144933
549757
486759
140420
395756
473952
322224
123117
117122
167036
154229
957974
108525
106319
567961
911849
942658
102715
773257
100307
481042
130114
159441
121416
183034
138231
329844
198047
197348
724446
510326
917558
104012
757764
116221
134223
281135
102513
818455
251833
204319
436845
573249
169747
164939
138130
103414
128632
972566
485757
566454
214524
565452
160123
536647
121618
159946
180533
129028
109123
134829
156334
205725
135932
856968
130013
456346
613538
161327
116423
704238
590047
131924
559457
194443
449753
210011
117930
814649
196851
308331
200008
979984
664757
169444
317332
177140
198855
378756
182840
987983
870861
571144
191336
178950
896879
186545
720337
497865
633847
983773
192641
770352
154835
150726
156536
882161
725751
196952
130619
765864
299760
228434
623844
195950
176239
205119
827052
102816
138332
329440
599065
873968
122822
151021
186848
208428
888678
191942
395251
779370
419239
588565
381543
333330
406432
201111
165941
679770
124422
962058
159138
248238
541640
162026
181131
118932
227533
391748
580347
213522
645450
395958
192540
701535
160931
397154
148941
118225
462139
208125
414229
971160
211215
908860
141826
146533
212217
113619
926862
690152
552241
211720
171633
525541
585256
901442
257845
103212
793465
173334
667056
111211
597869
468050
153227
463040
135730
112920
377451
562446
112516
105115
626648
198653
213017
700634
693764
207426
108828
145127
146735
151829
756055
162329
992673
742549
131823
204420
206525
187345
693461
173435
119833
127832
993675
749361
105216
155938
441939
257946
124220
467351
101410
561242
176441
677766
161630
856463
709551
150625
970764
760551
753251
107422
555651
789373
894067
161832
214625
392447
837964
715647
118831
579665
382242
663755
715950
123420
201818
774663
127630
644044
615441
495255
138534
303624
188448
318637
110007
191033
365343
580650
199251
169949
156435
368753
280941
199352
191235
453542
172433
168745
465852
209935
665254
146432
191437
366446
205220
206727
568963
692964
206222
788674
885975
143224
899885
680957
617748
111009
160830
108020
522434
510225
952863
211619
378857
130821
959574
620434
810843
990366
445543
212116
352132
397760
193239
107725
849971
520228
415837
995174
342129
127933
151425
146836
125424
209834
183337
168240
157336
236130
656657
165032
185947
969476
145632
194746
180129
179952
548250
802844
905147
113922
154532
300719
127327
618952
188751
138837
136227
158338
531536
285345
671855
151930
686969
894673
164636
128935
286347
208327
351938
352738
284646
622236
127731
152225
947668
170631
695768
177645
153126
199655
394956
196346
196750
178748
475855
311320
112314
334635
275645
195849
932554
688569
129937
153833
166640
162935
887373
727654
270332
214221
634748
902242
307127
126628
513736
389357
849264
877269
193845
171532
107321
304727
872158
512835
380036
429040
569965
185846
149842
358144
199150
188549
583858
176037
140117
176845
348545
214423
165436
156637
803240
305830
199958
748662
713239
672756
105014
987074
321323
156031
571548
146634
680452
833249
151728
181232
200513
135124
151324
153025
110613
989987
680250
157942
248339
880157
401422
139637
185341
350330
177342
561444
748258
825553
140925
355239
106521
101107
141119
309636
104820
163432
151627
160729
173839
189450
366042
199453
172029
148436
163129
131217
114217
479762
133625
208226
192237
792766
227432
175540
143830
872562
541943
210617
206323
170934
115219
126325
100610
728454
151223
958976
139233
117324
120414
139435
212015
120717
179245
173132
904044
392750
133928
203418
212419
102008
190031
223929
157437
197550
933253
898176
825654
202719
186141
397861
792564
162228
677968
744553
675661
132118
201515
349244
547046
237334
290136
706040
211821
111413
994273
211316
189349
519647
115825
191841
729557
737960
124624
644246
103010
178142
159744
121921
753150
141422
149236
148032
705341
147737
792867
707749
187850
133019
599469
769064
102109
308129
555954
424939
871964
561949
120212
966975
320826
841349
809252
150019
592455
150524
131419
192035
188145
984472
687163
432332
165840
255740
567052
167743
194645
173940
224022
231928
857263
843151
192843
146331
196144
500222
173233
186444
168341
180937
557857
103515
178647
889579
390645
814548
393247
172938
513130
268749
205826
820745
195647
114419
611938
246133
268850
356948
531940
101309
826454
131722
116524
101915
878877
759869
872764
118528
217126
125222
175338
129634
353740
181636
973770
128026
295146
303119
103111
516742
828862
154734
110411
209228
169545
553344
289555
185038
153631
580751
136732
182032
177241
731140
217429
406836
200917
788876
202820
360030
130720
729254
158136
130316
119126
111716
436239
189652
137633
550439
162733
167238
182436
163836
274542
387959
140824
153732
280739
171431
172130
657659
207123
197651
213421
256540
555348
656253
250932
155635
221319
154330
937160
679568
734045
134324
371843
238033
212318
923755
144832
249947
153934
558657
152831
193441
200311
117021
204622
298051
211114
965771
992774
638049
214726
581450
208024
201414
837560
346945
124826
878776
208630
102614
211922
492754
114318
173738
127226
210112
800941
211417
200210
951457
654754
134728
195445
379657
585862
506234
723141
586460
481951
180230
130922
148133
453441
166438
147030
594156
158843
461743
579867
422632
786569
965367
529953
910443
185139
996782
159239
172534
816653
576255
108121
204218
192136
233326
143426
123723
174437
220721
101006
852455
164131
120010
154431
198249
158540
113215
749058
886674
298455
529549
209127
150928
120515
148335
210415
654552
133827
183741
219231
129331
545345
901139